111661 1611111111 361

6666616166[666,666ἐ,6,11661-1666611166661

166 leg-tun, 166166 66 6666- Pylaemene· Paphlagoniae 161

666 1 166 66 01666616 66666666 Ari-toni·
Postumus 66166666 111 66 cum 66666661 10 66

6.16,11 Pylaemene· 6 Mithridate 66
1161166666 161 66 Paphlagonis 1161666116 66
11666666166111 6 66 . 1616666661111116661661,11
Pru-idn 6666666666 11666· 111606 66 16166666 Alpa

116666 111 16 6 6 111 60 6 6 16116661 1666666
1616666166616161 ῙΠῘἊΝ mmmm

11611661116666 1116066 ,16 36611161
munnam 661,66161161616

11666611166 16166666616116616661666
Pmco'untymmuu 1116666 Pyrrhus (sort. 1166 01661116)
1116. .11, 1611111’“” 1111 111. 11111 1111
11666 (nub 0166601166 666 6116661111 61611 166.
11661661111606 61 6161611606661666

166666666666611116666 6616616

Psylli 1] 11 6 16 16011666166616616116611. 16
Ρι11ω1ι6ω6ι6ι1066.1ι11111.11161 11Ἰ611Μο11161ᾷ61ὶ111111166166 66

1661666666 (0666116116) 111 66 Amne Vl ¹⁶ 1 ¹⁴

666 6166 66661(1661666)6616.06 61116 Pithon

Ptolemmufflaomtornmao
660 0066111116666661

“ 66166661110616161666 066666666, discipulus 666666-

1601611166116 (11106 6616) 6111116· lorum, 1166116666 instruxit
mentl’ompeiin 1166111111 11116 66
6161116666166116616 Quinctilius 6061666166 16666

’ Publicius 6161166 1 16 61011166

Publicius 6161661661 166 66 06666666666166611166666

Publiu- 161116 Popillius 0666611666 1616611 61 666. 61

1116161116 66111116 prmum 666- 066661166101611610616661666· ·
1111111 1161111116 61111616.. 166..
66116611,116166611.,1 3666101661
61111111 1 1611161116·
inmundum 11111661, 60 0666666611616161666666β160]
61,66611)6116166666111 Π11606111616661666616-
61111 ’.1101111111 ’11611611 111.. ο...)
Ρ.61666111116616111666 1166161666666 [661]116 1
661166 1111 10 61 Τ, 06666166 (16666116 0166116,

Pupienus 111 16 6 66 (Immemor [606] 111666

 

