mnnx 1101111111. 318

88181888118818818-118188881111888
8188818888188 1 18 8 88 Vmbri 1118181. 8. 8 118818
1888111881 1188188111 18 84 1888188111 81 88
1881181 1 18 8 8. 14. 88 1818888888 uide Claudius
18888188888818881 1188188 181888888111 18 88
0111118118181118888881888-11111111811111 11 8 88
8888118888818188 488 181881888811181848· 88810

18888818 111 88 88 188888.881888ι818111180888
L. 1888188 1188881108 prodidit 18188888 1181 88

11888 18188111118818888811
18888188888881[488]1111888 1184.88 18888 80888 81
L. Veturius 8888818888881 8 1811 18 84

18 8 88 181888881188811184
Victor Maximi tyranni 81188 Vulcani 1888181111 80 8 80
1118810 1818811118 8 8 111884
11888818881888888818 11111888 11 Vulsinienses 11118 8 8
111881118811888181. 18188 uide 11881188
888818818808881818811111 188888 V 88 Vn
ΙΧ8Η838881 VdEplm Vxellodunum 111880
8118181111 1888 1111418 4 γῗοῖεε 1111811111 8880811οὲ
Vindalium ο pidum V 18 88 888

Vindelici 8818881 8118888 11

81888 Xanthi 8811118884
118118881181188188 Xerxe· 88111118811881. 8. 48
’118818811188118818888118188 108888 11 81. 8. 8 11148
Virdomaro· rex 0888888888 818

111118818 11888888 senem) 8188888188
18818188... nillil...
Vitelliani (18888 1118 8 8 Zenobia Vll 88 8 4

11881111 iunones 888881 perenni 188818 l 8 8 81. 88
811888811881 188888118818111888·
118811188111888. 8 8 88818 2888881888 8888881118 88
1111888188 1 8 8 101 Zopyrion 111 18 8 1. 4
1111811888888118811188818 8888881881 4 8 8

 

