' 155
nnffluwnnm
323mwwn.m·
55551151511 55518
11555515511518515.
515515055 1115551
51111111.
1151515551 81551515 15515
155505511115111855
815111155511115515,
ἓέἑέ111555555 111 15 5111115

5585115155155511111
κ 115185115151111851

, · siam. 5155555111 11511

8115555111155
8115511. 8115555 (551.) 11 15 55
811511 1155551555 5111555
815555111115 51515
81151551158515
Sinope 11555115555) 555
815551151554

’ Ι 811511551111551515555

8111151511 5115 Mauretania

851515 5111151515.
Socrate· 1115 5155515555-

15155115155111 115 15

8οἑ1ὅ1515,15585.5515111

551511.ῐὺΠΗΗ 15
115515 8515511 legen ,

8511111151 11551155511515
8551151551 115515
1111111111
555515051155
ω1η5ω
&mmmmmm
mmmmmmm.
8511105511 exercitulum
8551155551555 5511111151
·smwmmumnn.
15151511555515

mnu 1011111151.

155551555511515
1111514 15 55 11551551

8155555111155515
Μωωωωῃμ
mmmmm
Statilius 1115151 11 18 5 51
81555515111151 .
8111155 5551111158 51 8111155
11151515 5851155055

8155551151 1515115 1 5 5 55
8115155155 1 10 55
swm &mnu
8555551555 15 Tripolitana>
515515515 1555
8555551551115 100
85551115551111555111
51555115151511115
nmoenwnnn
851111 1555115555(115)114515
8551155111 ager 1111 11 5 1

8515515511 8511115551 11 1 511

855155151 Tranquillus 11 155
111111 11111111

8135511551855551511·
151515

8515515515 uide 115555

85115(’5’558115)15 1515111155
chum) 1155188555 1..
Gm'riae 551. 661 1555155 1
185151185111118555
Suu· 555151 [1111515 haam
wmm.mwmw
85115 555151[156]1 1555
85155555151555111555
Sulla 5111551 15551515 5·1·ο
5151555511.
111511 85115 1155151
515]11551855151-

ω1ἥ5ωὴὼ1ϋ ’

3m·wnm.mm
5111101155111151.
1111111 51115 11111151

 

