346 nmnx 1901119911.

11119199919011111999 Her· 9991,9.191919199Ῑ99191
eale· 11111119 1191 111111111111111111
111111111911111911 1191111) vn 9 9 91 99191 9991
111 11 111. 11. 11 111111 [1111991111
1111111111111111 11111ίωὶ11111 4115143118 ·0¹2⁴³¹'¹⁰r
5020523301111 3 1 11111 111111111111111
Herdonius 1111111111’1111111 9111919 91 9199111
11111111111111111 1111111999 ²¹ 119 Η· 9119901Η1ζ4
ῃ,,,1,,(11,,,,,1“11,,,,, 11111111111111111
mmmmmpfflulofl 19991111 inutraque 1111
1999999111 , Ι 90919 'nenniulssssfl
. 11111911 ‘⁸fflertu’3vn3u ⁸¹· ¹⁸⁸³Jw³⁴⁰⁸⁶¹⁹⁴¹
11111111111111111 Ηί199419θει4991911
nrm-jem 111111111181111111111ιί9111 Sertorimum 1111·
911111111111111111914919
1111111119999 111 111111Π9099,999919
111111111191999 11199111,1119119999
Hierapolis 911 9 9 19 1111111111119099 1111 9 911
11199οΠῙ1791 19911 199919191111
11111119111111111111111111111- 91 91 9 90
99199 Vll 4³ 1 4 111111111999 1111111111 quem
11111111 uide Hiarba· 1111111111 1111111 1 9999
1111111111111111 9 9 11111111- Danuuius qui 11 1111111 1111
ν9111111191111, ,1111 11111
11999, 9 19· 199 9 9111111111111111119919
(11911111191 1111111111111 Histriam 99. 99. 90
(Π-ο11111991199119999 1111111111 111 19 99
9119199999919919,110111111191191911799 -
9,99919099 9111111119ΙΙ90999
1111111111 19 99 Honorius 91199 901 99919
1111111111.11111111111111(1)011- 111111111919119991111
’1111111111199 10 111111111191199911199
191111111911911 99190991Η99919191
ἒῇᾱὲἵῧιᾳᾶηγ 1 1119111 1111191111 1119111111911
mmm 1111111 [711] 91 19 Hortensius 911999
99, 9. 9 Hostilium· 111111 Gallu·
911111111199999.9,10 1111· 1111111111. ’111111 1111111111119
hlei 9991999 9 99 9 19 99 Ηο111119111111111111999

1111111111 9 9 9,99,99.99,90, 0111111111· 111111111111111
10911111991,19 19919190 [917] 9 9 919 Mancinus
1991919, 1991..1919 90 1011991 917]9999091911·
9991919191091991111111 99911999.9,.,910
991199919911199911119

 

